Gyro-scale-factor: 0.00046875
Gyro-bias: 0.030  #0.0017 #0.0009375 #0.001775 # #0.0012  #0.0022
Gyro-walking-bias: 0
Acc-scale-factor: 0.005
Acc-bias: 0.01
Acc-walking-bias: 0
start_compute_time: 1557924807.198984 #1557924740.177742720 #1557924790.05
end_compute_time: 1557924808.198984 #1557924740.7766137 #1557924792.2999
#start_compute_time: 1557924740.177742720  #1557924809.3 #1557924784.3  # 1557924854.9
#end_compute_time: 1557924740.2766137
ICP_Iterations: 3

rho: 0.06
phi: 0.0015
theta: 0.0015
horizontal_angle_uncertainty: 0.00475
vertical_angle_uncertainty: 0.00635

NED_Velocity_NC_N: 0.05252628
NED_Velocity_NC_E: 0.05252649
NED_Velocity_NC_D: 0.05139978

LLH_NC_L1: 0.12545329
LLH_NC_L2: 0.12583551
LLH_NC_H: 0.15416405

topics:
  - "/ground_truth"
  - "/tf_static"
  - "/imu/data"
  - "/velodyne_points"

particle_filter_threshold: 16685
particle_filter_calculate_interval: 1
# general
Bag_Path: "/home/jeffqjn/Downloads/erg.bag"
